image_width: 640
image_height: 480
camera_name: narrow_stereo
camera_matrix:
  rows: 3
  cols: 3
  data: [666.161432, 0, 287.989294, 0, 664.318813, 287.147997, 0, 0, 1]
distortion_model: plumb_bob
distortion_coefficients:
  rows: 1
  cols: 5
  data: [0.125926, -0.193846, 0.014263, -0.01919, 0]
rectification_matrix:
  rows: 3
  cols: 3
  data: [1, 0, 0, 0, 1, 0, 0, 0, 1]
projection_matrix:
  rows: 3
  cols: 4
  data: [679.921997, 0, 278.832089, 0, 0, 683.661987, 291.952428, 0, 0, 0, 1, 0]