image_width: 1920
image_height: 1080
camera_name: narrow_stereo
camera_matrix:
  rows: 3
  cols: 3
  data: [ 1463.18488,     0.     ,   952.68447,
             0.     ,  1458.16423,   544.51102,
             0.     ,     0.     ,     1.     ]
camera_model: plumb_bob
distortion_coefficients:
  rows: 1
  cols: 5
  data: [-0.103232, 0.070236, 0.003498, 0.000955, 0.000000]
rectification_matrix:
  rows: 3
  cols: 3
  data: [ 1.,  0.,  0.,
          0.,  1.,  0.,
          0.,  0.,  1.]
projection_matrix:
  rows: 3
  cols: 4
  data: [ 1415.97156,     0.     ,   954.42361,     0.     ,
             0.     ,  1438.85266,   546.82897,     0.     ,
             0.     ,     0.     ,     1.     ,     0.     ]
