image_width: 480
image_height: 640
camera_name: narrow_stereo
camera_matrix:
  rows: 3
  cols: 3
  data: [203.71833,   0.     , 239.5    ,
           0.     , 203.71833, 319.5    ,
           0.     ,   0.     ,   1.     ]
camera_model: fisheye
distortion_coefficients:
  rows: 1
  cols: 4
  data: [0.000000, 0.000000, 0.000000, 0.000000]
rectification_matrix:
  rows: 3
  cols: 3
  data: [1., 0., 0.,
         0., 1., 0.,
         0., 0., 1.]
projection_matrix:
  rows: 3
  cols: 4
  data: [203.71833,   0.     , 239.5    ,   0.     ,
           0.     , 203.71833, 319.5    ,   0.     ,
           0.     ,   0.     ,   1.     ,   0.     ]
